start=247.133000
pause=yes
volume=85.000000
