start=3107.480000
speed=1.948717
volume=130.000000
