start=547.342979
speed=1.610510
volume=70.000000
fullscreen=yes
