start=1093.192100
speed=1.610510
volume=80.000000
fullscreen=yes
saturation=1
