start=121.833333
speed=1.210000
volume=80.000000
