start=0.960000
volume=65.000000
