start=3300.960000
speed=1.331000
volume=130.000000
