start=1207.601000
speed=1.948717
pause=yes
volume=86.000000
