start=1270.102000
volume=80.000000
fullscreen=yes
