start=474.624000
speed=1.610510
