start=3063.333000
speed=1.464100
