start=15.266667
volume=110.000000
