start=12880.533333
speed=1.771561
volume=82.000000
fullscreen=yes
sub-delay=0.100000
