start=256.300000
volume=75.000000
