start=12.836000
volume=55.000000
