start=87.320567
volume=66.000000
fullscreen=yes
