start=1278.861000
volume=78.000000
fullscreen=yes
