start=1613.268000
speed=1.948717
volume=60.000000
fullscreen=yes
