start=200.533000
speed=1.464100
fullscreen=yes
