start=4274.043000
pause=yes
panscan=1.000000
