start=4277.901000
pause=yes
panscan=1.000000
