start=388.727000
volume=68.000000
fullscreen=yes
