start=1073.405667
volume=95.000000
