start=689.822467
speed=1.948717
volume=80.000000
