start=10.824041
volume=48.000000
