start=6349.750000
volume=105.000000
sid=no
