start=4896.750000
speed=1.464100
pause=yes
volume=110.000000
