start=24.130874
volume=58.000000
fullscreen=yes
