start=2763.200000
volume=20.000000
