start=1337.002000
volume=75.000000
fullscreen=yes
sid=1
