start=1389.922000
volume=110.000000
aid=2
sid=2
