start=8497.706000
volume=63.000000
sub-delay=0.200000
