start=551.718000
volume=80.000000
fullscreen=yes
aid=2
sid=no
