start=4251.034000
speed=1.464100
pause=yes
panscan=1.000000
