start=1280.237000
volume=55.000000
fullscreen=yes
