start=0.801691
volume=45.000000
fullscreen=yes
