start=416.048000
volume=74.000000
fullscreen=yes
