start=178.111267
volume=55.000000
fullscreen=yes
