start=121.567400
speed=1.771561
volume=48.000000
fullscreen=yes
