start=1313.520542
volume=80.000000
