start=181.334000
volume=90.000000
fullscreen=yes
