start=3073.840000
speed=1.948717
volume=60.000000
fullscreen=yes
