start=2161.292467
speed=1.464100
volume=96.000000
fullscreen=yes
