start=121.678936
volume=35.000000
