start=18.421000
volume=56.000000
