start=2406.430000
speed=1.771561
pause=yes
volume=126.000000
