start=906.320000
volume=75.000000
