start=8512.537000
speed=1.948717
volume=130.000000
fullscreen=yes
