start=3495.700542
volume=130.000000
