start=84.480000
speed=1.610510
volume=85.000000
