start=114.000000
speed=1.100000
fullscreen=yes
