start=7.641000
volume=70.000000
