start=256.422833
volume=45.000000
fullscreen=yes
