start=337.760000
pause=yes
volume=60.000000
