start=1643.567000
volume=44.000000
