start=27.840000
volume=70.000000
fullscreen=yes
