start=0.292000
volume=75.000000
fullscreen=yes
