start=1736.868000
speed=1.464100
volume=65.000000
fullscreen=yes
