start=201.600000
speed=1.464100
