start=1338.170000
volume=60.000000
fullscreen=yes
