start=5867.299000
volume=130.000000
aid=2
sid=2
