start=454.240000
speed=1.331000
fullscreen=yes
