start=218.000000
volume=80.000000
sub-pos=101
