start=1339.800000
volume=55.000000
fullscreen=yes
