start=1321.695000
volume=130.000000
fullscreen=yes
