start=346.098832
volume=100.000000
