start=101.166667
volume=70.000000
fullscreen=yes
