start=571.837933
speed=1.771561
pause=yes
volume=130.000000
