start=372.038000
volume=95.000000
fullscreen=yes
