start=45.203000
volume=55.000000
