start=7329.534000
speed=1.610510
volume=110.000000
fullscreen=yes
deinterlace=yes
