start=288.904669
volume=55.000000
