start=217.868000
volume=80.000000
