start=101.701906
volume=30.000000
