start=2816.875000
speed=1.771561
pause=yes
