start=145.458674
volume=90.000000
fullscreen=yes
