start=742.467000
volume=125.000000
