start=1.727315
sub-scale=0.900000
