start=9.900000
volume=55.000000
