start=11.457941
volume=50.000000
