start=1805.966000
speed=1.948717
volume=50.000000
