start=12.677848
pause=yes
volume=130.000000
