start=1633.198233
speed=1.771561
volume=96.000000
fullscreen=yes
