start=262.280000
speed=1.100000
