start=2971.368400
speed=1.210000
volume=65.000000
