start=3.069733
volume=35.000000
