start=356.133000
speed=1.610510
fullscreen=yes
