start=340.400000
speed=1.771561
volume=75.000000
