start=248.598000
volume=55.000000
fullscreen=yes
