start=805.958333
pause=yes
volume=98.000000
