start=97.667000
speed=1.948717
pause=yes
volume=60.000000
