start=4939.801000
fullscreen=yes
sub-pos=98
sub-scale=0.900000
