start=2642.028501
speed=1.464100
volume=75.000000
fullscreen=yes
