start=41.364728
volume=58.000000
