start=427.225000
volume=50.000000
