start=1332.373000
volume=120.000000
fullscreen=yes
