start=2302.501000
speed=1.771561
fullscreen=yes
