start=5714.292000
volume=80.000000
fullscreen=yes
sid=2
