start=464.264000
speed=1.948717
fullscreen=yes
