start=1352.817000
volume=80.000000
fullscreen=yes
