start=4979.068000
speed=1.771561
pause=yes
panscan=0.500000
