start=63.333333
volume=55.000000
