start=71.420119
volume=65.000000
