start=75.542000
speed=1.464100
