start=152.500000
pause=yes
volume=40.000000
