start=0.250250
volume=75.000000
fullscreen=yes
