start=7087.789033
volume=95.000000
