start=7.742278
volume=60.000000
