start=6700.958000
volume=63.000000
fullscreen=yes
aid=1
sid=1
sub-delay=-0.000000
