start=1338.963000
volume=90.000000
fullscreen=yes
sid=1
