start=57.680000
volume=50.000000
