start=4199.657991
volume=125.000000
fullscreen=yes
