start=18.268250
volume=50.000000
