start=3.866667
volume=20.000000
