start=14.515000
volume=60.000000
