start=1078.240000
speed=1.464100
volume=130.000000
fullscreen=yes
