start=449.081687
volume=50.000000
