start=460.018020
volume=48.000000
