start=130.490000
pause=yes
volume=60.000000
