start=1323.614000
volume=85.000000
