start=163.366000
volume=35.000000
