start=726.767708
speed=1.331000
volume=80.000000
