start=111.457000
pause=yes
video-aspect-override=1.777778
