start=731.464000
speed=1.610510
pause=yes
