start=139.933333
volume=70.000000
fullscreen=yes
