start=1787.352000
speed=1.610510
pause=yes
volume=45.000000
