start=702.635969
speed=1.464100
pause=yes
volume=35.000000
