start=2172.633333
speed=1.464100
volume=105.000000
