start=8.433333
speed=1.464100
fullscreen=yes
