start=4759.568000
speed=1.610510
pause=yes
