start=603.866000
volume=65.000000
