start=1114.734000
speed=1.464100
pause=yes
volume=125.000000
