start=1125.301000
speed=1.331000
pause=yes
volume=130.000000
panscan=1.000000
