start=682.266000
speed=1.948717
volume=61.000000
