start=676.158195
volume=30.000000
