start=7238.626000
volume=130.000000
fullscreen=yes
sub-pos=99
sub-scale=0.600000
