start=16.049820
volume=52.000000
