start=129.833333
speed=1.464100
volume=54.000000
