start=82.849433
volume=50.000000
fullscreen=yes
