start=1351.183000
volume=115.000000
fullscreen=yes
aid=2
sid=2
