start=24.900000
volume=50.000000
