start=2212.268000
speed=1.771561
pause=yes
volume=54.000000
panscan=1.000000
