start=31.176242
volume=60.000000
