start=830.000000
volume=60.000000
