start=1356.388000
pause=yes
volume=115.000000
aid=2
sid=2
