start=1309.148000
speed=1.464100
volume=125.000000
sid=no
