start=72.008000
volume=38.000000
