start=14.489901
volume=65.000000
