start=4691.001000
speed=1.771561
