start=246.204292
pause=yes
volume=105.000000
