start=2193.707000
speed=1.331000
volume=65.000000
fullscreen=yes
