start=1843.601000
speed=1.464100
pause=yes
