start=8.920000
speed=1.331000
fullscreen=yes
