start=1322.668000
speed=1.610510
pause=yes
volume=65.000000
