start=8.002270
volume=130.000000
