start=43.665773
volume=65.000000
