start=658.120000
speed=1.771561
