start=454.700000
speed=1.610510
pause=yes
