start=4787.201000
pause=yes
panscan=1.000000
