start=3869.209000
speed=2.143589
pause=yes
volume=80.000000
panscan=1.000000
