start=21.840000
speed=1.331000
fullscreen=yes
