start=134.333000
speed=1.331000
pause=yes
