start=21.146000
volume=60.000000
fullscreen=yes
