start=1392.315000
pause=yes
volume=75.000000
fullscreen=yes
aid=2
sid=2
