start=7.626000
volume=74.000000
