start=92.492000
pause=yes
panscan=0.100000
sub-pos=101
