start=1424.323000
volume=130.000000
aid=2
sid=2
