start=555.320000
speed=1.948717
pause=yes
volume=70.000000
