start=233.734000
volume=60.000000
