start=1035.325000
volume=38.000000
fullscreen=yes
