start=265.365000
speed=1.331000
