start=1053.117000
speed=1.948717
volume=105.000000
