start=119.333333
speed=1.464100
pause=yes
volume=85.000000
