start=4151.877000
pause=yes
volume=130.000000
aid=2
sid=2
