start=14.880000
volume=65.000000
