start=12880.300000
speed=1.610510
ab-loop-a=11654.267000
