start=1214.547000
volume=85.000000
fullscreen=yes
