start=1338.921000
volume=75.000000
fullscreen=yes
sid=1
