start=313.480000
volume=55.000000
