start=714.409076
volume=110.000000
