start=1370.119000
volume=74.000000
fullscreen=yes
