start=2103.733000
speed=1.331000
volume=80.000000
fullscreen=yes
