start=171.380000
pause=yes
volume=60.000000
