start=26.726000
volume=45.000000
fullscreen=yes
