start=3600.763000
speed=1.771561
pause=yes
