start=250.563000
volume=115.000000
fullscreen=yes
