start=1203.134000
volume=70.000000
fullscreen=yes
