start=1332.672000
volume=65.000000
fullscreen=yes
