start=3011.280000
volume=60.000000
sub-visibility=no
