start=37.880000
speed=1.610510
pause=yes
