start=449.750000
volume=50.000000
fullscreen=yes
