start=92.333000
volume=55.000000
fullscreen=yes
