start=7521.461000
volume=115.000000
panscan=1.000000
sid=1
sub-delay=-0.100000
