start=1321.195000
pause=yes
volume=95.000000
