start=752.930074
volume=45.000000
