start=766.634000
volume=95.000000
