start=105.355000
pause=yes
volume=75.000000
