start=1321.862000
volume=130.000000
fullscreen=yes
