start=165.999167
speed=1.331000
volume=74.000000
