start=23.643000
volume=105.000000
fullscreen=yes
