start=7.840000
volume=105.000000
fullscreen=yes
