start=1391.932000
volume=130.000000
fullscreen=yes
