start=3344.669023
speed=1.464100
volume=125.000000
fullscreen=yes
vid=no
