start=1384.508000
volume=125.000000
fullscreen=yes
