start=919.166000
speed=1.610510
