start=10.040000
volume=44.000000
