start=1358.816000
volume=70.000000
fullscreen=yes
aid=1
