start=12.270000
volume=58.000000
