start=876.040000
volume=48.000000
