start=145.178000
volume=55.000000
fullscreen=yes
