start=534.033333
speed=1.610510
