start=1259.868000
speed=1.331000
fullscreen=yes
