start=806.133333
volume=40.000000
