start=2811.742000
volume=130.000000
fullscreen=yes
