start=734.240000
volume=70.000000
