start=66.956635
volume=60.000000
