start=609.467000
speed=1.948717
