start=1307.139000
volume=90.000000
fullscreen=yes
aid=2
sid=2
