start=782.034000
speed=1.331000
volume=35.000000
fullscreen=yes
