start=1348.781000
speed=1.331000
volume=105.000000
fullscreen=yes
aid=2
sid=2
