start=1351.917000
volume=125.000000
fullscreen=yes
aid=2
sid=2
