start=2792.401000
speed=1.948717
pause=yes
volume=65.000000
panscan=1.000000
