start=1352.191000
volume=64.000000
fullscreen=yes
