start=1352.853000
volume=65.000000
fullscreen=yes
