start=199.400000
volume=130.000000
