start=1293.334000
volume=70.000000
fullscreen=yes
sid=1
