start=1354.026000
volume=75.000000
fullscreen=yes
