start=1381.180000
speed=1.210000
pause=yes
aid=2
sid=2
