start=20.059000
volume=30.000000
fullscreen=yes
