start=503.503000
speed=1.464100
volume=66.000000
fullscreen=yes
