start=1420.919000
volume=125.000000
fullscreen=yes
aid=1
sid=1
