start=285.000000
volume=130.000000
