start=426.049000
pause=yes
audio-delay=0.300000
panscan=1.000000
vid=1
