start=559.920000
speed=1.771561
pause=yes
