start=1294.627000
volume=105.000000
fullscreen=yes
