start=5509.551218
volume=65.000000
