start=1.733000
sub-delay=0.100000
