start=1283.866000
volume=50.000000
fullscreen=yes
