start=352.352000
speed=1.464100
