start=517.066667
speed=1.948717
fullscreen=yes
