start=1831.233333
speed=1.610510
volume=105.000000
fullscreen=yes
