start=218.551667
speed=1.771561
volume=70.000000
fullscreen=yes
