start=65.309343
volume=45.000000
