start=51.233333
volume=45.000000
