start=12.058467
volume=65.000000
