start=1403.902000
speed=1.610510
volume=75.000000
fullscreen=yes
