start=1745.643900
volume=100.000000
fullscreen=yes
