start=2130.962000
volume=100.000000
fullscreen=yes
aid=1
sid=2
