start=1110.667000
speed=1.610510
