start=173.907000
speed=1.464100
pause=yes
volume=80.000000
