start=635.634000
speed=1.948717
pause=yes
panscan=0.300000
sub-visibility=no
