start=1210.297000
volume=75.000000
fullscreen=yes
