start=1500.599100
speed=1.771561
