start=16.280000
speed=1.771561
fullscreen=yes
