start=54.272741
volume=60.000000
