start=92.801000
pause=yes
volume=60.000000
