start=1215.215000
volume=35.000000
fullscreen=yes
