start=390.432000
volume=105.000000
fullscreen=yes
aid=1
