start=112.668432
volume=60.000000
