start=330.700000
speed=1.948717
volume=57.000000
fullscreen=yes
