start=1320.960000
pause=yes
volume=80.000000
