start=1332.665000
volume=90.000000
fullscreen=yes
