start=770.728000
volume=55.000000
fullscreen=yes
