start=25.069910
volume=30.000000
saturation=1
