start=72.205000
speed=1.464100
pause=yes
volume=65.000000
