start=657.801000
speed=1.464100
