start=1364.087933
speed=1.210000
fullscreen=yes
