start=1781.040000
speed=1.464100
volume=80.000000
fullscreen=yes
