start=97.230000
volume=40.000000
fullscreen=yes
