start=10.986463
volume=130.000000
