start=0.291667
volume=85.000000
fullscreen=yes
