start=311.800000
speed=1.771561
