start=1274.306000
volume=80.000000
aid=2
sid=2
