start=675.680000
speed=1.771561
pause=yes
volume=80.000000
