start=354.813000
volume=55.000000
fullscreen=yes
