start=309.233333
speed=1.610510
volume=60.000000
