start=221.221000
speed=1.771561
volume=50.000000
