start=1414.533000
speed=1.210000
volume=95.000000
