start=254.126000
volume=110.000000
fullscreen=yes
