start=1835.876000
volume=110.000000
fullscreen=yes
panscan=1.000000
