start=8345.220220
volume=120.000000
