start=47.036000
pause=yes
volume=50.000000
