start=1351.350000
volume=95.000000
fullscreen=yes
aid=2
sid=2
