start=544.111000
volume=130.000000
fullscreen=yes
