start=1317.358000
volume=130.000000
fullscreen=yes
