start=1333.958000
volume=110.000000
fullscreen=yes
