start=44.400000
pause=yes
volume=30.000000
