start=3426.918000
speed=1.771561
fullscreen=yes
panscan=1.000000
