start=1361.927000
volume=130.000000
aid=2
sid=2
sub-pos=99
