start=1350.816000
volume=85.000000
aid=2
sid=2
