start=446.333000
volume=70.000000
fullscreen=yes
