start=1357.773000
volume=95.000000
