start=123.790000
volume=54.000000
fullscreen=yes
