start=1382.715000
volume=130.000000
fullscreen=yes
brightness=-1
sid=1
