start=1350.149000
volume=125.000000
fullscreen=yes
aid=2
sid=2
