start=738.137000
speed=1.771561
fullscreen=yes
