start=218.184633
pause=yes
volume=55.000000
