start=10.911000
volume=42.000000
