start=481.567000
speed=1.771561
