start=29.824000
volume=55.000000
