start=1082.164000
volume=34.000000
fullscreen=yes
saturation=4
