start=1299.440000
speed=1.210000
pause=yes
