start=5.167000
volume=45.000000
