start=931.209000
speed=1.948717
fullscreen=yes
