start=20.350000
volume=60.000000
