start=366.933000
speed=1.610510
volume=44.000000
fullscreen=yes
