start=0.918000
volume=45.000000
