start=1793.938100
speed=1.771561
