start=501.975203
volume=75.000000
fullscreen=yes
