start=10.633000
volume=46.000000
