start=107.684994
volume=80.000000
