start=435.568467
speed=1.610510
fullscreen=yes
