start=521.400000
speed=1.948717
fullscreen=yes
