start=2937.367767
volume=55.000000
