start=41.412000
volume=80.000000
