start=3.080000
fullscreen=yes
sub-delay=0.100000
