start=250.917000
pause=yes
volume=75.000000
