start=3.896831
volume=42.000000
