start=136.160000
speed=1.771561
fullscreen=yes
