start=1304.060000
volume=60.000000
fullscreen=yes
