start=1171.270000
speed=1.464100
volume=85.000000
fullscreen=yes
