start=150.291692
volume=70.000000
fullscreen=yes
