start=639.480000
speed=1.610510
fullscreen=yes
