start=153.134000
volume=65.000000
fullscreen=yes
