start=479.545000
speed=1.331000
pause=yes
