start=1017.099000
volume=75.000000
