start=517.350167
speed=1.464100
volume=65.000000
fullscreen=yes
