start=21.869568
volume=62.000000
