start=721.595875
volume=122.000000
fullscreen=yes
