start=9.083000
volume=125.000000
fullscreen=yes
