start=208.208000
volume=55.000000
