start=1.267000
volume=78.000000
