start=1352.251000
volume=125.000000
aid=2
sid=2
