start=756.047000
volume=50.000000
fullscreen=yes
sid=1
