start=58.211000
volume=54.000000
