start=609.766000
speed=1.331000
volume=75.000000
fullscreen=yes
