start=535.568000
pause=yes
volume=100.000000
