start=3.541000
volume=120.000000
fullscreen=yes
