start=53.969244
volume=58.000000
saturation=21
