start=163.360744
pause=yes
volume=58.000000
