start=4.900000
volume=30.000000
