start=356.189167
speed=1.331000
fullscreen=yes
