start=1724.656267
volume=85.000000
sub-delay=-2.200000
