start=389.889000
volume=107.000000
fullscreen=yes
