start=5367.901000
speed=1.771561
panscan=1.000000
sub-delay=-0.000000
