start=444.510000
volume=40.000000
