start=2793.880000
pause=yes
volume=66.000000
