start=66.400000
volume=84.000000
aid=1
sid=1
