start=1425.068000
speed=1.948717
pause=yes
volume=50.000000
