start=414.963000
volume=70.000000
fullscreen=yes
aid=2
sid=2
