start=1752.625875
volume=130.000000
