start=18.620067
volume=72.000000
fullscreen=yes
gamma=-33
