start=7.708000
volume=75.000000
