start=134.134000
speed=1.771561
pause=yes
