start=107.207000
volume=56.000000
