start=9541.298000
speed=1.210000
pause=yes
volume=65.000000
