start=1158.366000
volume=70.000000
fullscreen=yes
