start=5195.634000
speed=1.610510
fullscreen=yes
panscan=1.000000
