start=1371.662000
volume=130.000000
fullscreen=yes
