start=1331.872000
volume=45.000000
fullscreen=yes
aid=2
