start=52.866790
volume=76.000000
