start=253.434000
speed=1.464100
volume=74.000000
fullscreen=yes
