start=818.740000
volume=60.000000
fullscreen=yes
