start=1432.641000
volume=85.000000
fullscreen=yes
