start=69.769700
volume=50.000000
