start=11.132147
volume=120.000000
fullscreen=yes
