start=80.680000
pause=yes
volume=45.000000
