start=64.800000
volume=50.000000
