start=498.200000
speed=1.771561
