start=1433.522000
volume=70.000000
