start=1342.675000
volume=120.000000
fullscreen=yes
