start=1421.527615
volume=65.000000
fullscreen=yes
