start=4135.768000
pause=yes
volume=130.000000
