start=1461.801000
volume=85.000000
