start=16.707506
volume=84.000000
