start=354.100000
pause=yes
volume=65.000000
