start=1318.234000
volume=130.000000
fullscreen=yes
