start=123.089000
speed=1.100000
pause=yes
volume=60.000000
