start=9.453017
volume=50.000000
