start=53.086367
speed=1.210000
fullscreen=yes
