start=180.480000
volume=129.000000
saturation=17
