start=1319.235000
volume=125.000000
fullscreen=yes
