start=245.245000
speed=1.464100
