start=7417.958000
volume=100.000000
