start=282.991042
speed=1.331000
