start=822.488000
speed=1.948717
volume=70.000000
fullscreen=yes
