start=15.080000
volume=55.000000
fullscreen=yes
