start=1351.250000
volume=100.000000
fullscreen=yes
aid=2
sid=2
