start=721.000000
speed=1.610510
fullscreen=yes
