start=345.546000
speed=1.464100
pause=yes
