start=1914.668000
speed=1.464100
