start=15.333000
volume=60.000000
sub-ass-vsfilter-aspect-compat=no
