start=1072.196000
volume=125.000000
fullscreen=yes
