start=20468.648200
volume=50.000000
fullscreen=yes
aid=1
