start=3671.768000
volume=130.000000
