start=103.604000
volume=62.000000
fullscreen=yes
