start=4252.268000
speed=1.610510
volume=80.000000
