start=3256.334000
speed=1.331000
pause=yes
volume=65.000000
contrast=1
