start=1308.807000
volume=70.000000
fullscreen=yes
