start=0.125125
volume=85.000000
fullscreen=yes
