start=551.301000
pause=yes
volume=65.000000
