start=211.120000
volume=50.000000
saturation=2
