start=3571.634000
speed=1.771561
volume=95.000000
fullscreen=yes
