start=1321.946000
volume=130.000000
fullscreen=yes
