start=140.964518
volume=60.000000
