start=465.198000
speed=1.464100
pause=yes
volume=86.000000
