start=1153.507000
speed=1.771561
volume=75.000000
fullscreen=yes
