start=1562.007086
volume=55.000000
