start=2375.866667
speed=2.143589
fullscreen=yes
