start=409.829136
volume=60.000000
