start=1404.303000
speed=1.610510
volume=70.000000
fullscreen=yes
