start=370.996000
volume=70.000000
fullscreen=yes
