start=6.909536
volume=90.000000
fullscreen=yes
