start=414.004000
volume=55.000000
fullscreen=yes
aid=2
sid=1
