start=76.334144
volume=85.000000
