start=35.105000
volume=40.000000
