start=830.229000
speed=1.771561
pause=yes
volume=75.000000
