start=1352.151000
volume=110.000000
fullscreen=yes
aid=2
sid=2
