start=658.115000
pause=yes
volume=115.000000
sid=1
