start=127.634000
volume=65.000000
