start=15996.898000
speed=1.464100
pause=yes
volume=80.000000
fullscreen=yes
