start=1853.973000
speed=1.331000
volume=80.000000
fullscreen=yes
sub-delay=0.100000
