start=144.240392
volume=85.000000
