start=264.675000
volume=95.000000
