start=273.233333
pause=yes
volume=45.000000
