start=1342.634000
volume=55.000000
fullscreen=yes
