start=1342.515000
volume=72.000000
saturation=1
sub-delay=-0.100000
