start=74.633333
volume=35.000000
