start=7753.620000
speed=1.464100
pause=yes
audio-delay=0.400000
panscan=1.000000
