start=257.200000
pause=yes
volume=116.000000
