start=596.062133
volume=70.000000
