start=185.109671
volume=50.000000
