start=62.015664
volume=50.000000
saturation=4
