start=1415.622000
volume=60.000000
fullscreen=yes
aid=2
sid=2
