start=624.000000
volume=51.000000
saturation=1
