start=512.979133
speed=1.331000
