start=189.522667
volume=75.000000
