start=155.833000
volume=40.000000
