start=3.741000
volume=130.000000
