start=443.681000
speed=1.610510
fullscreen=yes
