start=285.134000
speed=1.610510
volume=98.000000
fullscreen=yes
