start=58.224833
volume=44.000000
