start=26.160000
volume=52.000000
saturation=9
