start=2773.542000
pause=yes
volume=115.000000
fullscreen=yes
brightness=1
sid=1
