start=1382.548000
volume=78.000000
fullscreen=yes
sid=1
