start=6.871357
volume=68.000000
