start=330.072000
pause=yes
volume=130.000000
