start=1347.012000
volume=120.000000
fullscreen=yes
aid=2
sid=2
