start=1337.127000
volume=55.000000
fullscreen=yes
sid=1
