start=469.000000
volume=35.000000
