start=7302.715000
speed=1.464100
pause=yes
volume=130.000000
brightness=-1
panscan=1.000000
sub-pos=76
