start=1681.043000
pause=yes
volume=90.000000
