start=187.189321
volume=40.000000
fullscreen=yes
