start=160.396482
volume=130.000000
