start=459.376000
speed=1.771561
fullscreen=yes
