start=345.383333
speed=1.610510
