start=963.001000
speed=1.464100
fullscreen=yes
