start=667.542000
volume=60.000000
fullscreen=yes
