start=73.474000
volume=30.000000
