start=133.866000
pause=yes
volume=130.000000
