start=245.078000
volume=55.000000
fullscreen=yes
