start=613.066667
speed=1.610510
volume=124.000000
fullscreen=yes
