start=35.467000
volume=70.000000
