start=550.650000
speed=1.771561
volume=56.000000
