start=2900.250000
speed=1.464100
sid=no
