start=18.291667
volume=65.000000
