start=180.374000
speed=1.331000
