start=587.253000
pause=yes
volume=80.000000
