start=1431.263000
volume=80.000000
fullscreen=yes
aid=2
sid=2
