start=528.640000
speed=1.610510
volume=110.000000
