start=5885.965000
speed=1.948717
pause=yes
panscan=1.000000
