start=2977.308000
volume=85.000000
fullscreen=yes
