start=1345.177000
volume=80.000000
fullscreen=yes
aid=1
sid=1
