start=404.967000
speed=1.771561
pause=yes
volume=55.000000
