start=963.468000
speed=1.610510
fullscreen=yes
