start=1317.373933
speed=1.331000
volume=94.000000
fullscreen=yes
sid=2
