start=350.584000
speed=1.771561
pause=yes
