start=327.900000
speed=1.948717
