start=2695.440000
speed=1.210000
volume=110.000000
