start=3373.243000
volume=75.000000
