start=207.333333
speed=1.610510
pause=yes
