start=146.560000
speed=1.948717
pause=yes
