start=114.715607
volume=55.000000
