start=480.720000
speed=1.464100
pause=yes
