start=1288.586000
volume=80.000000
fullscreen=yes
