start=85.711000
volume=50.000000
fullscreen=yes
