start=29.529000
volume=60.000000
fullscreen=yes
