start=1388.053000
volume=55.000000
fullscreen=yes
sid=1
