start=870.369500
speed=1.464100
volume=80.000000
fullscreen=yes
