start=7383.801000
speed=1.610510
volume=125.000000
fullscreen=yes
sub-pos=99
