start=1145.960000
volume=115.000000
