start=1396.812000
volume=130.000000
fullscreen=yes
