start=29.571000
volume=55.000000
