start=3412.500000
speed=1.948717
pause=yes
