start=1009.308000
volume=75.000000
fullscreen=yes
