start=1293.918000
volume=65.000000
fullscreen=yes
