start=718.100000
speed=1.610510
pause=yes
