start=309.168000
fullscreen=yes
panscan=0.500000
