start=1708.274000
volume=50.000000
fullscreen=yes
