start=1.601258
volume=50.000000
fullscreen=yes
