start=553.643751
volume=115.000000
