start=608.873698
volume=75.000000
