start=126.133000
speed=1.771561
volume=60.000000
fullscreen=yes
