start=444.900000
speed=1.610510
fullscreen=yes
