start=52.066667
speed=1.610510
