start=74.097893
volume=50.000000
