start=108.541000
volume=35.000000
fullscreen=yes
panscan=0.400000
