start=4859.788267
volume=130.000000
