start=1737.569167
volume=70.000000
